0.00000	-0.01660
0.00002	3.04064
0.00013	16.77777
0.00020	26.98360
0.00020	32.46232
0.00026	41.29372
0.00033	49.01214
0.00039	56.77362
0.00046	64.16172
0.00051	70.89764
0.00057	77.81365
0.00062	84.34788
0.00068	90.54502
0.00073	96.72173
0.00079	102.74216
0.00085	108.56868
0.00090	113.84272
0.00095	119.37306
0.00101	124.56815
0.00106	129.25764
0.00112	134.21536
0.00117	138.69350
0.00122	143.00691
0.00127	147.11008
0.00132	151.17282
0.00138	155.04723
0.00142	158.45573
0.00148	162.11014
0.00153	165.59793
0.00158	168.56902
0.00164	171.73329
0.00169	174.65587
0.00174	177.42615
0.00180	179.96246
0.00185	182.55592
0.00192	185.11465
0.00197	187.20450
0.00203	189.50293
0.00209	191.67827
0.00215	193.50710
0.00222	195.49739
0.00229	197.31271
0.00236	199.04767
0.00244	200.60538
0.00252	202.23007
0.00260	203.77811
0.00269	205.03108
0.00279	206.35008
0.00289	207.60222
0.00299	208.59888
0.00311	209.70641
0.00323	210.63475
0.00336	211.61983
0.00350	212.34761
0.00365	213.11852
0.00381	213.88667
0.00397	214.33572
0.00414	214.98965
0.00432	215.52957
0.00450	215.89268
0.00469	216.36136
0.00489	216.71951
0.00509	217.12045
0.00529	217.33694
0.00550	217.67775
0.00571	218.06680
0.00592	218.15964
0.00613	218.49536
0.00635	218.77898
0.00657	218.91217
0.00679	219.16927
0.00701	219.35590
0.00723	219.61928
0.00745	219.72147
0.00767	219.95422
0.00789	220.22620
0.00811	220.26854
0.00834	220.54355
0.00856	220.77344
0.00878	220.87224
0.00900	221.06456
0.00923	221.23553
0.00945	221.46538
0.00967	221.55331
0.00990	221.70744
0.01012	221.99899
0.01033	222.04747
0.01055	222.24220
0.01078	222.46631
0.01099	222.55328
0.01121	222.71223
0.01143	222.88921
0.01164	223.10155
0.01186	223.18907
0.01208	223.33719
0.01229	223.59457
0.01250	223.57141
0.01272	223.81819
0.01293	224.02806
0.01314	224.09882
0.01337	224.25421
0.01358	224.38066
0.01378	224.62999
0.01400	224.66513
0.01420	224.85942
0.01442	225.05179
0.01462	225.09845
0.01483	225.26662
0.01505	225.45862
0.01525	225.56075
0.01546	225.69879
0.01567	225.81223
0.01588	226.03003
0.01609	226.08958
0.01630	226.25540
0.01650	226.45439
0.01671	226.43599
0.01692	226.63472
0.01713	226.84564
0.01733	226.88728
0.01754	227.06549
0.01775	227.20915
0.01795	227.35172
0.01816	227.38452
0.01836	227.54977
0.01857	227.79979
0.01877	227.74380
0.01898	227.96159
0.01918	228.13139
0.01938	228.17232
0.01959	228.38309
0.01980	228.46725
0.02000	228.63638
0.02021	228.64307
0.02041	228.83522
0.02061	229.03683
0.02081	229.02753
0.02101	229.19165
0.02122	229.38361
0.02142	229.39859
0.02162	229.57037
0.02182	229.66888
0.02202	229.86929
0.02223	229.85875
0.02242	230.02446
0.02263	230.22015
0.02282	230.20692
0.02302	230.38136
0.02323	230.59201
0.02342	230.55966
0.02363	230.72305
0.02383	230.84937
0.02402	231.02477
0.02423	231.05696
0.02443	231.18822
0.02463	231.39630
0.02483	231.32101
0.02503	231.50879
0.02523	231.72960
0.02543	231.70587
0.02563	231.84575
0.02583	231.97882
0.02603	232.12100
0.02623	232.15898
0.02643	232.28368
0.02662	232.48372
0.02682	232.41399
0.02702	232.58855
0.02722	232.78612
0.02741	232.79187
0.02762	232.94096
0.02781	233.00693
0.02801	233.20218
0.02821	233.19038
0.02841	233.31638
0.02860	233.51764
0.02880	233.47505
0.02900	233.61676
0.02920	233.83096
0.02939	233.82254
0.02959	233.94138
0.02979	234.05684
0.02998	234.19092
0.03018	234.20940
0.03038	234.35799
0.03057	234.56032
0.03077	234.47987
0.03097	234.64546
0.03117	234.81339
0.03136	234.80652
0.03156	234.97165
0.03175	235.03740
0.03195	235.19061
0.03214	235.17110
0.03234	235.33876
0.03254	235.55495
0.03273	235.45653
0.03293	235.62553
0.03313	235.79016
0.03331	235.79396
0.03351	235.90733
0.03371	236.02466
0.03390	236.14832
0.03410	236.14293
0.03429	236.23782
0.03449	236.46429
0.03468	236.41542
0.03488	236.56145
0.03507	236.72601
0.03527	236.71478
0.03546	236.86479
0.03566	236.92352
0.03585	237.09709
0.03604	237.06377
0.03624	237.17892
0.03643	237.39767
0.03662	237.31113
0.03682	237.48386
0.03701	237.62010
0.03720	237.61139
0.03740	237.73843
0.03759	237.81960
0.03778	237.97569
0.03798	237.96912
0.03817	238.03381
0.03837	238.27356
0.03855	238.18262
0.03875	238.35448
0.03895	238.49400
0.03913	238.47870
0.03933	238.61841
0.03952	238.67790
0.03971	238.83740
0.03990	238.81512
0.04010	238.93265
0.04029	239.09633
0.04048	239.04572
0.04068	239.18370
0.04087	239.37630
0.04105	239.34573
0.04125	239.47086
0.04144	239.54482
0.04164	239.67221
0.04183	239.69781
0.04202	239.77217
0.04221	239.96977
0.04240	239.86519
0.04259	240.01213
0.04279	240.14722
0.04298	240.15335
0.04317	240.28497
0.04336	240.33688
0.04355	240.46654
0.04374	240.45616
0.04394	240.58337
0.04413	240.75014
0.04432	240.63560
0.04451	240.81404
0.04470	240.94812
0.04489	240.94284
0.04508	241.06895
0.04528	241.12024
0.04546	241.25171
0.04565	241.22675
0.04585	241.33916
0.04604	241.52992
0.04622	241.44537
0.04642	241.59744
0.04661	241.76906
0.04679	241.66566
0.04699	241.83923
0.04718	241.91658
0.04737	242.04077
0.04756	242.02094
0.04776	242.07127
0.04794	242.28021
0.04813	242.18050
0.04833	242.34016
0.04852	242.48784
0.04870	242.41838
0.04889	242.57056
0.04909	242.63680
0.04927	242.75119
0.04947	242.72353
0.04966	242.84450
0.04984	243.00429
0.05003	242.92538
0.05022	243.06500
0.05042	243.18640
0.05060	243.15521
0.05079	243.25208
0.05098	243.35936
0.05117	243.46803
0.05136	243.41991
0.05155	243.51964
0.05174	243.71480
0.05192	243.64839
0.05212	243.78101
0.05231	243.90968
0.05249	243.85132
0.05269	243.96413
0.05288	244.03789
0.05306	244.15662
0.05325	244.14107
0.05344	244.22906
0.05363	244.40649
0.05381	244.29872
0.05401	244.44630
0.05420	244.62102
0.05439	244.52281
0.05458	244.64595
0.05477	244.72482
0.05495	244.82071
0.05514	244.81848
0.05533	244.91283
0.05552	245.04651
0.05570	244.98837
0.05589	245.08099
0.05608	245.25946
0.05627	245.22516
0.05646	245.31610
0.05665	245.36331
0.05683	245.48447
0.05702	245.48250
0.05721	245.52449
0.05740	245.72452
0.05758	245.60925
0.05777	245.74524
0.05796	245.90524
0.05815	245.83092
0.05834	245.95807
0.05853	246.00575
0.05871	246.11160
0.05890	246.10919
0.05909	246.21552
0.05928	246.32292
0.05946	246.23561
0.05965	246.38330
0.05984	246.50159
0.06002	246.47337
0.06021	246.58052
0.06040	246.63641
0.06059	246.71562
0.06078	246.68745
0.06096	246.78340
0.06115	246.95259
0.06133	246.85875
0.06152	247.00327
0.06171	247.09721
0.06189	247.04573
0.06209	247.18127
0.06227	247.21483
0.06246	247.31726
0.06265	247.27545
0.06283	247.38051
0.06302	247.52289
0.06320	247.43088
0.06340	247.57689
0.06358	247.68326
0.06377	247.64311
0.06395	247.74417
0.06414	247.79379
0.06433	247.92505
0.06451	247.86961
0.06471	247.94650
0.06489	248.11536
0.06507	248.00844
0.06526	248.15636
0.06545	248.25586
0.06563	248.19960
0.06582	248.34012
0.06601	248.36667
0.06619	248.45720
0.06638	248.44629
0.06657	248.52693
0.06676	248.69077
0.06694	248.59560
0.06713	248.70912
0.06732	248.86401
0.06750	248.77374
0.06769	248.87920
0.06787	248.92558
0.06806	249.00642
0.06825	248.99400
0.06843	249.06776
0.06862	249.22395
0.06880	249.11903
0.06899	249.26514
0.06918	249.37120
0.06936	249.33842
0.06955	249.40581
0.06974	249.46960
0.06992	249.57426
0.07011	249.55595
0.07030	249.59174
0.07049	249.75725
0.07067	249.63022
0.07086	249.76976
0.07105	249.91455
0.07123	249.84882
0.07142	249.94502
0.07160	249.97667
0.07179	250.08466
0.07197	250.04993
0.07216	250.16341
0.07234	250.29292
0.07253	250.18871
0.07272	250.28632
0.07290	250.44972
0.07309	250.38663
0.07328	250.46507
0.07346	250.49580
0.07365	250.62750
0.07383	250.60286
0.07402	250.63629
0.07420	250.81512
0.07439	250.70874
0.07458	250.78738
0.07476	250.94681
0.07494	250.85239
0.07513	250.95689
0.07532	251.01785
0.07551	251.11688
0.07569	251.06612
0.07588	251.14383
0.07607	251.28781
0.07625	251.17728
0.07643	251.30708
0.07662	251.41788
0.07680	251.33418
0.07699	251.44917
0.07718	251.49638
0.07736	251.60243
0.07754	251.53619
0.07773	251.62158
0.07791	251.75772
0.07810	251.67287
0.07829	251.77434
0.07847	251.87631
0.07865	251.83095
0.07884	251.92159
0.07903	251.97086
0.07921	252.07552
0.07940	252.00250
0.07958	252.05873
0.07977	252.21373
0.07995	252.11090
0.08014	252.23471
0.08033	252.35927
0.08051	252.29114
0.08070	252.37793
0.08088	252.43089
0.08106	252.50612
0.08125	252.45271
0.08144	252.54253
0.08163	252.68692
0.08181	252.56967
0.08199	252.66121
0.08218	252.82286
0.08236	252.74376
0.08255	252.81802
0.08273	252.86073
0.08291	252.95064
0.08310	252.91220
0.08328	253.00597
0.08347	253.12369
0.08365	253.00275
0.08384	253.13794
0.08402	253.23685
0.08420	253.18431
0.08439	253.24652
0.08458	253.29123
0.08476	253.37912
0.08495	253.38362
0.08514	253.41090
0.08532	253.56641
0.08550	253.41525
0.08569	253.55647
0.08587	253.67250
0.08605	253.61742
0.08624	253.68874
0.08643	253.71075
0.08661	253.80452
0.08680	253.74770
0.08698	253.84068
0.08717	253.95108
0.08735	253.84113
0.08753	253.96339
0.08772	254.09050
0.08790	253.97293
0.08809	254.10677
0.08827	254.12746
0.08845	254.19479
0.08864	254.16104
0.08882	254.21341
0.08901	254.39484
0.08919	254.25603
0.08938	254.37198
0.08957	254.49785
0.08974	254.42665
0.08993	254.51616
0.09012	254.52325
0.09030	254.63414
0.09049	254.58478
0.09067	254.63745
0.09086	254.77313
0.09104	254.63861
0.09123	254.77789
0.09142	254.87883
0.09160	254.80559
0.09178	254.86938
0.09197	254.97807
0.09215	255.00342
0.09234	254.96463
0.09253	255.03349
0.09271	255.18944
0.09289	255.03749
0.09308	255.17859
0.09327	255.24590
0.09345	255.17206
0.09364	255.27333
0.09382	255.29425
0.09400	255.38390
0.09419	255.30490
0.09437	255.38539
0.09456	255.54099
0.09474	255.40744
0.09493	255.51480
0.09511	255.66801
0.09529	255.56589
0.09548	255.64835
0.09567	255.69646
0.09585	255.76105
0.09603	255.70134
0.09622	255.76315
0.09640	255.92261
0.09658	255.76140
0.09677	255.88788
0.09696	256.02585
0.09714	255.93623
0.09733	255.97339
0.09751	256.01965
0.09769	256.11261
0.09788	256.04568
0.09806	256.14124
0.09825	256.25778
0.09843	256.11841
0.09862	256.24649
0.09880	256.34305
0.09898	256.27692
0.09917	256.34644
0.09936	256.36533
0.09954	256.46317
0.09972	256.38599
0.09991	256.46631
0.10009	256.60941
0.10028	256.44830
0.10046	256.55389
0.10065	256.67413
0.10083	256.61157
0.10101	256.68512
0.10120	256.71042
0.10138	256.81509
0.10157	256.73492
0.10175	256.79211
0.10193	256.94711
0.10212	256.81323
0.10230	256.88660
0.10249	257.02069
0.10267	256.93799
0.10286	257.01520
0.10304	257.06189
0.10323	257.13058
0.10341	257.08545
0.10360	257.10004
0.10378	257.28021
0.10396	257.13040
0.10416	257.24002
0.10434	257.31091
0.10452	257.27713
0.10471	257.33496
0.10489	257.36124
0.10508	257.46246
0.10526	257.39090
0.10545	257.44144
0.10563	257.56290
0.10581	257.45560
0.10600	257.55508
0.10619	257.67059
0.10637	257.54333
0.10656	257.64474
0.10675	257.67319
0.10693	257.78098
0.10711	257.71375
0.10730	257.73898
0.10748	257.90027
0.10766	257.76111
0.10785	257.86679
0.10805	257.98590
0.10822	257.89969
0.10840	257.95535
0.10860	258.00195
0.10876	258.05566
0.10897	258.02106
0.10917	258.04886
0.10932	258.19418
0.10951	258.02960
0.10972	258.15244
0.10987	258.28333
0.11008	258.17413
0.11026	258.24969
0.11044	258.27783
0.11062	258.33871
0.11080	258.31744
0.11098	258.38177
0.11119	258.51645
0.11138	258.34738
0.11154	258.43546
0.11175	258.56039
0.11191	258.43811
0.11210	258.56805
0.11229	258.54654
0.11248	258.63565
0.11266	258.59857
0.11286	258.63492
0.11304	258.78717
0.11322	258.63538
0.11340	258.71512
0.11361	258.86328
0.11377	258.77075
0.11396	258.83038
0.11415	258.85953
0.11433	258.92175
0.11452	258.87607
0.11471	258.90469
0.11488	259.06165
0.11508	258.86920
0.11526	258.99225
0.11545	259.12299
0.11562	259.00299
0.11581	259.06158
0.11600	259.12885
0.11619	259.17935
0.11638	259.14188
0.11656	259.19489
0.11674	259.32391
0.11693	259.19275
0.11711	259.27527
0.11730	259.36447
0.11748	259.29834
0.11767	259.35791
0.11786	259.39075
0.11805	259.45499
0.11822	259.39377
0.11840	259.42880
0.11859	259.55078
0.11877	259.41571
0.11898	259.53885
0.11917	259.63290
0.11933	259.51971
0.11952	259.60129
0.11971	259.64297
0.11987	259.71005
0.12007	259.61563
0.12027	259.66577
0.12044	259.80063
0.12063	259.65289
0.12082	259.80856
0.12100	259.84619
0.12120	259.77567
0.12138	259.85208
0.12157	259.87115
0.12176	259.96390
0.12193	259.87326
0.12210	259.93869
0.12230	260.05505
0.12250	259.92722
0.12266	260.01059
0.12287	260.11511
0.12305	260.03165
0.12323	260.12451
0.12342	260.11145
0.12361	260.19583
0.12378	260.11105
0.12397	260.16092
0.12419	260.28500
0.12435	260.16882
0.12452	260.21866
0.12473	260.34787
0.12491	260.28497
0.12508	260.29309
0.12528	260.35547
0.12545	260.42368
0.12564	260.36276
0.12584	260.39371
0.12602	260.49649
0.12620	260.34830
0.12639	260.43222
0.12659	260.56470
0.12675	260.47318
0.12696	260.55032
0.12713	260.54883
0.12732	260.62091
0.12753	260.54968
0.12768	260.61139
0.12788	260.74518
0.12808	260.58774
0.12826	260.68887
0.12846	260.76196
0.12864	260.72034
0.12881	260.78699
0.12899	260.77237
0.12919	260.83936
0.12938	260.76205
0.12956	260.80399
0.12975	260.96078
0.12993	260.78131
0.13012	260.85916
0.13032	261.01059
0.13049	260.89737
0.13068	260.96378
0.13088	260.99640
0.13105	261.05127
0.13124	260.96848
0.13144	261.00098
0.13161	261.15866
0.13180	260.98871
0.13200	261.10651
0.13217	261.17874
0.13236	261.07455
0.13256	261.15231
0.13274	261.18790
0.13293	261.24432
0.13312	261.11548
0.13330	261.23749
0.13348	261.34616
0.13367	261.18005
0.13386	261.30417
0.13404	261.38916
0.13424	261.29584
0.13442	261.37784
0.13460	261.38983
0.13480	261.44006
0.13497	261.35458
0.13515	261.38565
0.13536	261.54239
0.13553	261.42184
0.13572	261.49319
0.13592	261.56799
0.13611	261.47513
0.13630	261.53452
0.13649	261.59201
0.13665	261.60815
0.13685	261.54736
0.13704	261.57281
0.13723	261.68048
0.13741	261.53012
0.13760	261.65314
0.13779	261.76041
0.13797	261.62335
0.13816	261.69800
0.13835	261.70981
0.13853	261.79483
0.13872	261.71149
0.13891	261.75806
0.13910	261.87790
0.13928	261.73544
0.13947	261.84119
0.13966	261.91022
0.13984	261.81354
0.14004	261.90491
0.14021	261.89777
0.14041	261.96756
0.14060	261.90054
0.14079	261.97629
0.14098	262.05756
0.14115	261.89603
0.14135	261.96161
0.14154	262.09293
0.14173	261.96820
0.14192	262.05600
0.14211	262.07224
0.14229	262.13245
0.14248	262.05441
0.14267	262.09546
0.14286	262.21481
0.14304	262.01486
0.14323	262.16727
0.14342	262.22668
0.14360	262.14966
0.14380	262.21329
0.14399	262.20456
0.14417	262.27124
0.14436	262.24045
0.14455	262.22598
0.14474	262.38275
0.14492	262.21915
0.14511	262.27954
0.14530	262.35498
0.14549	262.27551
0.14568	262.36130
0.14587	262.38522
0.14605	262.42258
0.14624	262.37241
0.14643	262.36813
0.14662	262.52942
0.14681	262.36655
0.14700	262.48566
0.14719	262.54565
0.14737	262.43427
0.14756	262.50101
0.14776	262.54297
0.14795	262.59152
0.14814	262.50296
0.14832	262.55145
0.14851	262.65005
0.14870	262.50620
0.14889	262.60114
0.14908	262.68011
0.14926	262.57007
0.14946	262.61768
0.14965	262.61722
0.14983	262.70050
0.15003	262.65622
0.15021	262.65170
0.15040	262.78613
0.15059	262.64117
0.15078	262.74576
0.15094	262.81030
